#	Temperatur 1 (°C)	Temperatur 2 (°C)	Temperatur 3 (°C)	Temperatur 4 (°C)	Temperatur 5 (°C)	Temperatur 6 (°C)	Temperatur 7 (°C)	Temperatur 8 (°C)	Zeit (s)
#1	23.64	24.10	24.27	23.69	23.75	24.72	23.71	23.68	0.0
2	23.71	24.90	25.21	23.79	24.18	26.03	23.88	23.69	5.0
3	23.88	25.79	26.27	23.99	24.79	27.31	24.22	23.68	10.0
4	24.14	26.68	27.28	24.29	25.50	28.45	24.70	23.69	15.0
5	24.45	27.48	28.20	24.67	26.24	29.43	25.26	23.70	20.0
6	24.80	28.21	29.00	25.08	26.99	30.29	25.86	23.71	25.0
7	25.18	28.85	29.70	25.50	27.72	31.05	26.47	23.73	30.0
8	25.55	29.43	30.32	25.92	28.43	31.74	27.06	23.76	35.0
9	25.95	29.96	30.87	26.35	29.10	32.38	27.63	23.79	40.0
10	26.32	30.44	31.35	26.76	29.75	32.96	28.17	23.84	45.0
11	26.70	30.88	31.79	27.17	30.36	33.50	28.67	23.89	50.0
12	27.08	31.30	32.20	27.55	30.95	34.01	29.14	23.95	55.0
13	27.45	31.68	32.57	27.94	31.50	34.49	29.59	24.03	60.0
14	27.80	32.04	32.91	28.29	32.03	34.94	30.00	24.11	65.0
15	28.15	32.38	33.23	28.64	32.53	35.37	30.40	24.21	70.0
16	28.49	32.71	33.53	28.99	32.99	35.77	30.76	24.30	75.0
17	28.82	33.02	33.81	29.32	33.45	36.15	31.10	24.41	80.0
18	29.15	33.31	34.08	29.64	33.88	36.51	31.42	24.52	85.0
19	29.48	33.60	34.34	29.95	34.29	36.86	31.73	24.63	90.0
20	29.78	33.88	34.59	30.24	34.68	37.19	32.01	24.75	95.0
21	30.09	34.15	34.83	30.53	35.05	37.50	32.28	24.87	100.0
22	30.39	34.41	35.05	30.81	35.40	37.80	32.54	24.99	105.0
23	30.67	34.66	35.27	31.08	35.73	38.09	32.78	25.11	110.0
24	30.96	34.91	35.49	31.34	36.06	38.37	33.02	25.23	115.0
25	31.23	35.15	35.70	31.59	36.37	38.63	33.24	25.36	120.0
26	31.51	35.39	35.90	31.84	36.67	38.88	33.45	25.48	125.0
27	31.77	35.62	36.10	32.09	36.96	39.13	33.66	25.61	130.0
28	32.03	35.85	36.28	32.31	37.23	39.37	33.86	25.73	135.0
29	32.28	36.06	36.48	32.54	37.50	39.60	34.05	25.86	140.0
30	32.54	36.28	36.65	32.76	37.75	39.82	34.23	25.99	145.0
31	32.77	36.49	36.83	32.97	38.00	40.03	34.40	26.11	150.0
32	33.02	36.70	37.01	33.17	38.23	40.24	34.58	26.23	155.0
33	33.25	36.90	37.18	33.38	38.46	40.44	34.74	26.35	160.0
34	33.48	37.11	37.35	33.57	38.69	40.64	34.90	26.47	165.0
35	33.70	37.30	37.51	33.77	38.90	40.83	35.07	26.59	170.0
36	33.93	37.49	37.67	33.96	39.10	41.02	35.22	26.71	175.0
37	34.14	37.69	37.83	34.14	39.31	41.19	35.38	26.83	180.0
38	34.35	37.87	37.99	34.31	39.50	41.37	35.52	26.95	185.0
39	34.56	38.05	38.14	34.49	39.69	41.53	35.66	27.06	190.0
40	34.76	38.24	38.29	34.66	39.88	41.71	35.80	27.18	195.0
41	34.96	38.41	38.44	34.83	40.06	41.87	35.94	27.29	200.0
42	35.16	38.59	38.59	35.00	40.24	42.03	36.08	27.40	205.0
43	35.36	38.76	38.73	35.15	40.40	42.18	36.20	27.51	210.0
44	35.55	38.94	38.88	35.32	40.57	42.34	36.33	27.62	215.0
45	35.74	39.11	39.02	35.47	40.74	42.49	36.46	27.73	220.0
46	35.92	39.26	39.15	35.63	40.89	42.63	36.59	27.84	225.0
47	36.10	39.44	39.30	35.78	41.05	42.78	36.71	27.95	230.0
48	36.28	39.60	39.44	35.92	41.20	42.92	36.84	28.05	235.0
49	36.46	39.76	39.57	36.07	41.36	43.07	36.96	28.16	240.0
50	36.63	39.92	39.70	36.22	41.50	43.20	37.08	28.26	245.0
51	36.80	40.08	39.84	36.36	41.66	43.34	37.20	28.37	250.0
52	36.97	40.23	39.96	36.50	41.79	43.48	37.32	28.47	255.0
53	37.13	40.37	40.08	36.63	41.92	43.59	37.44	28.58	260.0
54	37.28	40.51	40.20	36.74	42.03	43.69	37.53	28.68	265.0
55	37.45	40.66	40.33	36.88	42.14	43.80	37.62	28.78	270.0
56	37.61	40.82	40.47	37.02	42.28	43.93	37.73	28.87	275.0
57	37.78	40.97	40.61	37.16	42.42	44.07	37.85	28.97	280.0
58	37.93	41.12	40.73	37.29	42.56	44.21	37.96	29.08	285.0
59	38.09	41.26	40.85	37.41	42.70	44.34	38.08	29.17	290.0
60	38.24	41.41	40.97	37.54	42.83	44.47	38.19	29.27	295.0
61	38.39	41.55	41.09	37.66	42.97	44.60	38.30	29.37	300.0
62	38.54	41.68	41.22	37.79	43.09	44.72	38.41	29.46	305.0
63	38.69	41.82	41.32	37.91	43.22	44.84	38.52	29.56	310.0
64	38.83	41.96	41.44	38.03	43.34	44.96	38.62	29.66	315.0
65	38.97	42.09	41.55	38.15	43.46	45.08	38.74	29.75	320.0
66	39.11	42.22	41.66	38.27	43.59	45.19	38.84	29.84	325.0
67	39.26	42.35	41.78	38.38	43.71	45.31	38.95	29.93	330.0
68	39.39	42.48	41.88	38.49	43.83	45.43	39.05	30.03	335.0
69	39.53	42.61	41.99	38.60	43.94	45.54	39.15	30.12	340.0
70	39.66	42.73	42.10	38.72	44.06	45.65	39.26	30.21	345.0
71	39.80	42.86	42.21	38.82	44.18	45.76	39.36	30.31	350.0
72	39.93	42.99	42.32	38.93	44.29	45.88	39.46	30.40	355.0
73	40.05	43.11	42.42	39.04	44.40	45.99	39.56	30.49	360.0
74	40.19	43.23	42.52	39.14	44.51	46.10	39.66	30.58	365.0
75	40.31	43.35	42.63	39.25	44.63	46.20	39.76	30.67	370.0
76	40.43	43.47	42.73	39.36	44.74	46.31	39.86	30.76	375.0
77	40.56	43.58	42.82	39.46	44.84	46.41	39.95	30.84	380.0
78	40.69	43.70	42.93	39.56	44.95	46.52	40.05	30.93	385.0
79	40.80	43.82	43.03	39.66	45.05	46.62	40.15	31.02	390.0
80	40.92	43.93	43.13	39.76	45.16	46.73	40.24	31.10	395.0
81	41.04	44.05	43.23	39.86	45.26	46.83	40.34	31.19	400.0
82	41.16	44.16	43.33	39.95	45.37	46.93	40.43	31.28	405.0
83	41.28	44.27	43.43	40.06	45.47	47.03	40.53	31.36	410.0
84	41.40	44.39	43.53	40.16	45.58	47.13	40.62	31.45	415.0
85	41.51	44.50	43.62	40.25	45.68	47.23	40.71	31.54	420.0
86	41.62	44.60	43.71	40.35	45.78	47.33	40.81	31.63	425.0
87	41.73	44.71	43.81	40.45	45.88	47.43	40.90	31.71	430.0
88	41.84	44.82	43.90	40.54	45.97	47.53	40.99	31.80	435.0
89	41.95	44.92	44.00	40.63	46.07	47.62	41.08	31.88	440.0
90	42.06	45.02	44.09	40.72	46.17	47.71	41.16	31.96	445.0
91	42.17	45.13	44.18	40.82	46.26	47.81	41.25	32.04	450.0
92	42.27	45.23	44.27	40.91	46.35	47.90	41.34	32.12	455.0
93	42.38	45.33	44.36	41.00	46.45	47.99	41.44	32.21	460.0
94	42.48	45.44	44.45	41.09	46.54	48.08	41.52	32.29	465.0
95	42.58	45.53	44.54	41.17	46.64	48.18	41.61	32.38	470.0
96	42.69	45.63	44.63	41.26	46.73	48.27	41.70	32.46	475.0
97	42.79	45.73	44.72	41.35	46.82	48.37	41.79	32.54	480.0
98	42.89	45.83	44.80	41.44	46.91	48.45	41.87	32.62	485.0
99	42.99	45.93	44.89	41.53	47.00	48.55	41.96	32.70	490.0
100	43.09	46.02	44.98	41.61	47.09	48.63	42.04	32.78	495.0
101	43.19	46.12	45.06	41.70	47.18	48.73	42.13	32.86	500.0
102	43.29	46.22	45.14	41.78	47.27	48.81	42.21	32.94	505.0
103	43.38	46.31	45.23	41.87	47.36	48.90	42.29	33.02	510.0
104	43.48	46.40	45.31	41.95	47.44	48.98	42.38	33.10	515.0
105	43.57	46.49	45.40	42.03	47.53	49.07	42.46	33.18	520.0
106	43.66	46.59	45.48	42.11	47.62	49.15	42.54	33.26	525.0
107	43.76	46.68	45.56	42.19	47.70	49.24	42.62	33.34	530.0
108	43.84	46.76	45.64	42.27	47.78	49.31	42.70	33.41	535.0
109	43.94	46.85	45.72	42.35	47.85	49.38	42.77	33.48	540.0
110	44.03	46.94	45.81	42.43	47.93	49.47	42.86	33.56	545.0
111	44.12	47.03	45.89	42.51	48.02	49.56	42.93	33.64	550.0
112	44.21	47.12	45.97	42.59	48.10	49.64	43.02	33.72	555.0
113	44.30	47.21	46.04	42.67	48.19	49.72	43.09	33.80	560.0
114	44.38	47.30	46.12	42.75	48.26	49.81	43.18	33.87	565.0
115	44.47	47.38	46.20	42.82	48.35	49.88	43.25	33.95	570.0
116	44.56	47.46	46.28	42.90	48.42	49.96	43.33	34.02	575.0
117	44.65	47.55	46.36	42.97	48.51	50.04	43.41	34.09	580.0
118	44.73	47.63	46.43	43.05	48.59	50.12	43.48	34.16	585.0
119	44.82	47.72	46.51	43.12	48.66	50.20	43.56	34.24	590.0
120	44.89	47.80	46.57	43.18	48.73	50.27	43.63	34.31	595.0
121	44.97	47.87	46.65	43.26	48.77	50.32	43.71	34.39	600.0
122	45.02	47.92	46.73	43.33	48.77	50.33	43.77	34.46	605.0
123	45.13	48.03	46.79	43.39	48.86	50.42	43.82	34.52	610.0
124	45.21	48.12	46.89	43.48	48.94	50.50	43.89	34.60	615.0
125	45.29	48.20	46.96	43.56	49.03	50.58	43.97	34.67	620.0
126	45.37	48.28	47.04	43.64	49.10	50.66	44.05	34.74	625.0
127	45.46	48.36	47.11	43.70	49.18	50.74	44.12	34.82	630.0
128	45.53	48.44	47.19	43.78	49.26	50.82	44.20	34.89	635.0
129	45.61	48.52	47.26	43.85	49.33	50.89	44.27	34.95	640.0
130	45.69	48.59	47.33	43.92	49.40	50.97	44.34	35.03	645.0
131	45.77	48.67	47.40	44.00	49.48	51.04	44.42	35.08	650.0
132	45.84	48.75	47.47	44.06	49.55	51.11	44.49	35.16	655.0
133	45.92	48.83	47.54	44.13	49.63	51.19	44.56	35.23	660.0
134	46.00	48.91	47.61	44.20	49.70	51.26	44.63	35.30	665.0
135	46.07	48.98	47.68	44.27	49.78	51.33	44.71	35.37	670.0
136	46.14	49.05	47.75	44.34	49.85	51.41	44.78	35.44	675.0
137	46.21	49.12	47.81	44.40	49.91	51.48	44.85	35.51	680.0
138	46.28	49.19	47.87	44.44	49.97	51.53	44.92	35.56	685.0
139	46.36	49.27	47.95	44.53	50.04	51.60	44.98	35.64	690.0