# x y
0.000000000000000000e+00 2.039513894834274144e+00
1.282282715750935886e-01 2.085503461398753089e+00
2.564565431501871773e-01 2.721643980699727461e+00
3.846848147252807659e-01 2.796235619019692642e+00
5.129130863003743546e-01 3.225447686186056817e+00
6.411413578754678877e-01 3.218994213494847489e+00
7.693696294505615318e-01 3.728072270513176800e+00
8.975979010256551760e-01 3.776421233844035719e+00
1.025826172600748709e+00 3.621081040994533762e+00
1.154054444175842242e+00 3.632313497396057578e+00
1.282282715750935775e+00 3.232459560791269393e+00
1.410510987326029531e+00 3.297345859505258492e+00
1.538739258901123064e+00 2.747355755673803301e+00
1.666967530476216597e+00 3.046292334865373430e+00
1.795195802051310352e+00 2.853487280605957910e+00
1.923424073626403885e+00 2.468421150404652487e+00
2.051652345201497418e+00 2.061268697304317055e+00
2.179880616776590951e+00 1.282292243289595346e+00
2.308108888351684485e+00 1.013907978534750454e+00
2.436337159926778018e+00 7.656617413461836996e-01
2.564565431501871551e+00 -2.440946897309641261e-01
2.692793703076965528e+00 -6.360622412165541917e-01
2.821021974652059061e+00 -1.079508532198058424e+00
2.949250246227152594e+00 -1.422806739854643121e+00
3.077478517802246127e+00 -2.043712037118665670e+00
3.205706789377339661e+00 -2.197422713116510717e+00
3.333935060952433194e+00 -2.210209149393223438e+00
3.462163332527526727e+00 -3.411994664087055096e+00
3.590391604102620704e+00 -3.091491446561551282e+00
3.718619875677714237e+00 -3.185712967767478698e+00
3.846848147252807770e+00 -3.466658330214904549e+00
3.975076418827901303e+00 -3.928854255534497852e+00
4.103304690402994837e+00 -3.323319095734621698e+00
4.231532961978088814e+00 -3.900390419094850181e+00
4.359761233553181903e+00 -3.664709280591963214e+00
4.487989505128275880e+00 -3.254643818390793975e+00
4.616217776703368969e+00 -3.093888321750063675e+00
4.744446048278462946e+00 -2.715235981878120430e+00
4.872674319853556035e+00 -2.949036380907802624e+00
5.000902591428650013e+00 -2.514820280299246313e+00
5.129130863003743102e+00 -2.059534528189014058e+00
5.257359134578837079e+00 -1.766190994843187312e+00
5.385587406153931056e+00 -1.051158960308420598e+00
5.513815677729024145e+00 -5.403857683221904296e-01
5.642043949304118122e+00 -1.403286053131380107e-01
5.770272220879211211e+00 5.147732407826202117e-01
5.898500492454305189e+00 3.758311637675887940e-01
6.026728764029398278e+00 1.201082396833986099e+00
6.154957035604492255e+00 1.392468779963870196e+00
6.283185307179586232e+00 1.947168083692218055e+00
