Parameters for c*ln(x-a)+b = [-125.56315975  -10.7372432    10.40269071]

Minima for steel_close(t7)
t		°C
91.5		45.16
173.5		48.77
254.0		51.01
333.5		52.93
413.5		54.59
494.0		56.04
573.5		57.51
654.5		58.66
734.5		59.68
816.5		60.34

Maxima for steel_close(t7)
t		°C
61.0		47.53
137.0		52.61
216.0		55.18
296.0		57.18
376.0		58.94
455.5		60.51
535.5		61.95
616.0		63.24
695.0		64.3
775.5		65.29
856.5		65.76

phase difference Δt
maxima	minima		Δt
61.0	91.5		2.37
137.0	173.5		3.84
216.0	254.0		4.17
296.0	333.5		4.25
376.0	413.5		4.35
455.5	494.0		4.47
535.5	573.5		4.44
616.0	654.5		4.58
695.0	734.5		4.62
775.5	816.5		4.95
