Parameters for c*ln(x-a)+b = [-31.50502462  -6.1254723   10.38474144]

Minima for brass_wide_far(t1)
t		°C
79.5		43.22
88.5		43.19
172.5		48.86
254.0		52.53
334.5		55.26
415.0		57.38
494.5		59.07
575.5		60.6
655.5		61.82
736.0		62.84
818.0		63.56

Maxima for brass_wide_far(t1)
t		°C
79.0		43.23
80.5		43.23
145.5		49.6
222.5		53.78
300.0		56.82
380.0		59.17
459.0		61.04
539.0		62.62
618.5		63.98
697.0		65.08
778.5		66.03
858.0		66.56

phase difference Δt
maxima	minima		Δt
79.0	79.5		0.01
80.5	88.5		0.04
145.5	172.5		0.74
222.5	254.0		1.25
300.0	334.5		1.56
380.0	415.0		1.79
459.0	494.5		1.97
539.0	575.5		2.02
618.5	655.5		2.16
697.0	736.0		2.24
778.5	818.0		2.47
