# U_A 	 I_A 	 Delta I_A
0.000000000000000000e+00 3.630000000000000000e+02 7.000000000000000000e+00
8.000000000000000167e-02 3.560000000000000000e+02 3.500000000000000000e+00
1.600000000000000033e-01 3.525000000000000000e+02 3.000000000000000000e+00
2.399999999999999911e-01 3.495000000000000000e+02 4.500000000000000000e+00
3.200000000000000067e-01 3.450000000000000000e+02 3.000000000000000000e+00
4.000000000000000222e-01 3.420000000000000000e+02 4.500000000000000000e+00
4.799999999999999822e-01 3.375000000000000000e+02 3.000000000000000000e+00
5.600000000000000533e-01 3.345000000000000000e+02 3.000000000000000000e+00
6.400000000000000133e-01 3.315000000000000000e+02 3.000000000000000000e+00
7.199999999999999734e-01 3.285000000000000000e+02 2.000000000000000000e+00
8.000000000000000444e-01 3.265000000000000000e+02 4.500000000000000000e+00
8.800000000000000044e-01 3.220000000000000000e+02 2.500000000000000000e+00
9.599999999999999645e-01 3.195000000000000000e+02 3.500000000000000000e+00
1.040000000000000036e+00 3.160000000000000000e+02 3.000000000000000000e+00
1.120000000000000107e+00 3.130000000000000000e+02 3.000000000000000000e+00
1.199999999999999956e+00 3.100000000000000000e+02 3.000000000000000000e+00
1.280000000000000027e+00 3.070000000000000000e+02 3.500000000000000000e+00
1.360000000000000098e+00 3.035000000000000000e+02 3.000000000000000000e+00
1.439999999999999947e+00 3.005000000000000000e+02 3.000000000000000000e+00
1.520000000000000018e+00 2.975000000000000000e+02 3.000000000000000000e+00
1.600000000000000089e+00 2.945000000000000000e+02 3.000000000000000000e+00
1.679999999999999938e+00 2.915000000000000000e+02 3.500000000000000000e+00
1.760000000000000009e+00 2.880000000000000000e+02 3.000000000000000000e+00
1.840000000000000080e+00 2.850000000000000000e+02 3.000000000000000000e+00
1.919999999999999929e+00 2.820000000000000000e+02 3.000000000000000000e+00
2.000000000000000000e+00 2.790000000000000000e+02 2.500000000000000000e+00
2.080000000000000071e+00 2.765000000000000000e+02 3.500000000000000000e+00
2.160000000000000142e+00 2.730000000000000000e+02 3.000000000000000000e+00
2.240000000000000213e+00 2.700000000000000000e+02 3.000000000000000000e+00
2.319999999999999840e+00 2.670000000000000000e+02 3.000000000000000000e+00
2.399999999999999911e+00 2.640000000000000000e+02 3.500000000000000000e+00
2.479999999999999982e+00 2.605000000000000000e+02 2.500000000000000000e+00
2.560000000000000053e+00 2.580000000000000000e+02 3.000000000000000000e+00
2.640000000000000124e+00 2.550000000000000000e+02 3.000000000000000000e+00
2.720000000000000195e+00 2.520000000000000000e+02 3.000000000000000000e+00
2.799999999999999822e+00 2.490000000000000000e+02 3.500000000000000000e+00
2.879999999999999893e+00 2.455000000000000000e+02 2.500000000000000000e+00
2.959999999999999964e+00 2.430000000000000000e+02 3.000000000000000000e+00
3.040000000000000036e+00 2.400000000000000000e+02 3.000000000000000000e+00
3.120000000000000107e+00 2.370000000000000000e+02 2.500000000000000000e+00
3.200000000000000178e+00 2.345000000000000000e+02 3.000000000000000000e+00
3.279999999999999805e+00 2.315000000000000000e+02 3.000000000000000000e+00
3.359999999999999876e+00 2.285000000000000000e+02 3.000000000000000000e+00
3.439999999999999947e+00 2.255000000000000000e+02 2.500000000000000000e+00
3.520000000000000018e+00 2.230000000000000000e+02 3.000000000000000000e+00
3.600000000000000089e+00 2.200000000000000000e+02 3.000000000000000000e+00
3.680000000000000160e+00 2.170000000000000000e+02 3.000000000000000000e+00
3.759999999999999787e+00 2.140000000000000000e+02 2.500000000000000000e+00
3.839999999999999858e+00 2.115000000000000000e+02 3.000000000000000000e+00
3.919999999999999929e+00 2.085000000000000000e+02 3.000000000000000000e+00
4.000000000000000000e+00 2.055000000000000000e+02 3.000000000000000000e+00
4.080000000000000071e+00 2.025000000000000000e+02 3.000000000000000000e+00
4.160000000000000142e+00 1.995000000000000000e+02 3.500000000000000000e+00
4.240000000000000213e+00 1.960000000000000000e+02 3.000000000000000000e+00
4.320000000000000284e+00 1.930000000000000000e+02 3.000000000000000000e+00
4.400000000000000355e+00 1.900000000000000000e+02 3.000000000000000000e+00
4.480000000000000426e+00 1.870000000000000000e+02 3.500000000000000000e+00
4.559999999999999609e+00 1.835000000000000000e+02 3.000000000000000000e+00
4.639999999999999680e+00 1.805000000000000000e+02 3.000000000000000000e+00
4.719999999999999751e+00 1.775000000000000000e+02 3.000000000000000000e+00
4.799999999999999822e+00 1.745000000000000000e+02 3.500000000000000000e+00
4.879999999999999893e+00 1.710000000000000000e+02 3.000000000000000000e+00
4.959999999999999964e+00 1.680000000000000000e+02 3.000000000000000000e+00
5.040000000000000036e+00 1.650000000000000000e+02 3.500000000000000000e+00
5.120000000000000107e+00 1.615000000000000000e+02 3.500000000000000000e+00
5.200000000000000178e+00 1.580000000000000000e+02 3.500000000000000000e+00
5.280000000000000249e+00 1.545000000000000000e+02 3.000000000000000000e+00
5.360000000000000320e+00 1.515000000000000000e+02 3.500000000000000000e+00
5.440000000000000391e+00 1.480000000000000000e+02 3.500000000000000000e+00
5.519999999999999574e+00 1.445000000000000000e+02 3.000000000000000000e+00
5.599999999999999645e+00 1.415000000000000000e+02 3.500000000000000000e+00
5.679999999999999716e+00 1.380000000000000000e+02 3.500000000000000000e+00
5.759999999999999787e+00 1.345000000000000000e+02 3.500000000000000000e+00
5.839999999999999858e+00 1.310000000000000000e+02 3.000000000000000000e+00
5.919999999999999929e+00 1.280000000000000000e+02 3.000000000000000000e+00
6.000000000000000000e+00 1.250000000000000000e+02 3.000000000000000000e+00
6.080000000000000071e+00 1.220000000000000000e+02 1.000000000000000000e+00
6.160000000000000142e+00 1.210000000000000000e+02 4.000000000000000000e+00
6.240000000000000213e+00 1.170000000000000000e+02 3.500000000000000000e+00
6.320000000000000284e+00 1.135000000000000000e+02 4.000000000000000000e+00
6.400000000000000355e+00 1.095000000000000000e+02 7.500000000000000000e+00
6.480000000000000426e+00 1.020000000000000000e+02 4.000000000000000000e+00
6.559999999999999609e+00 9.800000000000000000e+01 4.500000000000000000e+00
6.639999999999999680e+00 9.350000000000000000e+01 4.000000000000000000e+00
6.719999999999999751e+00 8.950000000000000000e+01 4.000000000000000000e+00
6.799999999999999822e+00 8.550000000000000000e+01 4.500000000000000000e+00
6.879999999999999893e+00 8.100000000000000000e+01 4.000000000000000000e+00
6.959999999999999964e+00 7.700000000000000000e+01 3.000000000000000000e+00
7.040000000000000036e+00 7.400000000000000000e+01 3.000000000000000000e+00
7.120000000000000107e+00 7.100000000000000000e+01 3.000000000000000000e+00
7.200000000000000178e+00 6.800000000000000000e+01 4.000000000000000000e+00
7.280000000000000249e+00 6.400000000000000000e+01 3.500000000000000000e+00
7.360000000000000320e+00 6.050000000000000000e+01 4.500000000000000000e+00
7.440000000000000391e+00 5.600000000000000000e+01 3.500000000000000000e+00
7.519999999999999574e+00 5.250000000000000000e+01 9.000000000000000000e+00
7.599999999999999645e+00 4.350000000000000000e+01 6.000000000000000000e+00
7.679999999999999716e+00 3.750000000000000000e+01 7.500000000000000000e+00
7.759999999999999787e+00 3.000000000000000000e+01 4.000000000000000000e+00
7.839999999999999858e+00 2.600000000000000000e+01 8.000000000000000000e+00
7.919999999999999929e+00 1.800000000000000000e+01 7.500000000000000000e+00
8.000000000000000000e+00 1.050000000000000000e+01 3.000000000000000000e+00
8.080000000000000071e+00 7.500000000000000000e+00 1.500000000000000000e+00
8.160000000000000142e+00 6.000000000000000000e+00 1.500000000000000000e+00
8.240000000000000213e+00 4.500000000000000000e+00 5.000000000000000000e-01
8.320000000000000284e+00 4.000000000000000000e+00 5.000000000000000000e-01
8.400000000000000355e+00 3.500000000000000000e+00 5.000000000000000000e-01
8.480000000000000426e+00 3.000000000000000000e+00 1.000000000000000000e+00
8.560000000000000497e+00 2.000000000000000000e+00 1.000000000000000000e+00
8.640000000000000568e+00 1.000000000000000000e+00 1.000000000000000000e+00
8.720000000000000639e+00 0.000000000000000000e+00 0.000000000000000000e+00
8.800000000000000711e+00 0.000000000000000000e+00 0.000000000000000000e+00
8.880000000000000782e+00 0.000000000000000000e+00 0.000000000000000000e+00
8.960000000000000853e+00 0.000000000000000000e+00 0.000000000000000000e+00
