Windungszahl: n = 595
Breite des Luftspalts: d = 3 mm
Durchmesser d=27cm

I in A      B in mT
0.0         0    
1.0         148
2.0         335
3.0         440
4.0         508
5.0         561
6.0         603
7.0         638
8.0         668
9.0         698
8.0         677
7.0         656
6.0         632
5.0         604
4.0         569
3.0         524
2.0         460
1.0         332
0.0         128
-0.65        0  
-1.0        -71 
-2.0        -252
-3.0        -390
-4.0        -482
-5.0        -546
-6.0        -594
-7.0        -634
-8.0        -669
-9.0        -698
-8.0        -679
-7.0        -658
-6.0        -635
-5.0        -607
-4.0        -573
-3.0        -529
-2.0        -464
-1.0        -339
0.0         -129
0.6         -8  
0.675       0  
1.0         72 
2.0         253
3.0         390
4.0         482
5.0         544
6.0         592
7.0         630
8.0         663
9.0         693