Messung b), c)
ein Kästchen auf dem Oszilloskop entspricht 1Volt
n = #Kästchen
n_Generator = 2.7
f in Hz     n_Kondensator   Phasenunterschied in pi
                            Zähler  Nenner      Dezimalzahl (in pi)
15.25       2.5             2       57          0.035
20.50       2.5             5       134         0.037
23.25       2.5             1       20          0.050
26.65       2.5             5       106         0.047
30.20       2.5             2       39          0.051
39.50       2.45            1       15          0.067
45.40       2.5             1       13          0.077
57.25       2.4             28      305         0.092
63.50       2.4             27      275         0.098
71.40       2.39            11      98          0.112
76.20       2.36            55      458         0.120
80.40       2.34            20      157         0.127
85.60       2.3             39      295         0.132
92.60       2.24            39      272         0.143
99.90       2.22            38      251         0.151
108.2       2.2             19      121         0.157
112.1       2.18            41      242         0.169
121.7       2.12            27      151         0.179
125.0       2.1             55      294         0.187
131.3       2.09            29      150         0.193

184.8       1.82            26      107         0.243
216.8       1.68            30      113         0.265
250.0       1.58            10      39          0.256
284.0       1.42            45      152         0.296
310.8       1.35            3       10          0.300
347.5       1.23            30      89          0.337
378.6       1.16            55      162         0.340
414.1       1.08            27      74          0.365
442.7       1.01            49      139         0.353
476.2       0.97            23      65          0.354
507.7       0.92            88      243         0.362
531.5       0.88            85      232         0.366
556.6       0.85            41      111         0.369
599.0       0.80            79      205         0.385

699         0.68            2       5           0.400
791         0.60            64      155         0.413
892         0.55            27      65          0.415
1020        0.48            19      45          0.422
1111        0.43            11      26          0.423
1222        0.40            8       19          0.421
1333        0.38            3       7           0.429
1444        0.35            23      54          0.426
1555        0.32            65      149         0.436
1666        0.29            60      139         0.432
1777        0.25            29      65          0.446
1888        0.23            75      172         0.436
1999        0.22            14      33          0.424
2112        0.21            67      155         0.432

5701        0.07            7       16          0.438
